{
 "cells": [
  {
   "cell_type": "markdown",
   "metadata": {},
   "source": [
    "### Object Oriented Programming for Shape Calculation"
   ]
  },
  {
   "cell_type": "code",
   "execution_count": 1,
   "metadata": {
    "collapsed": true
   },
   "outputs": [],
   "source": [
    "# import pyplot and set some parameters to make plots prettier\n",
    "import matplotlib.pyplot as plt\n",
    "\n",
    "from glob import glob\n",
    "import numpy as np\n",
    "import healpy as hp\n",
    "import struct\n",
    "\n",
    "from code.setup.setup import data_home_dir\n",
    "import pyfits\n",
    "datadir = data_home_dir()\n",
    "\n",
    "#Need to set basepath to the dark matter halo particle files. \n",
    "basepath = datadir"
   ]
  },
  {
   "cell_type": "markdown",
   "metadata": {},
   "source": [
    "### Halo Shape Class and functions"
   ]
  },
  {
   "cell_type": "code",
   "execution_count": 2,
   "metadata": {
    "collapsed": false
   },
   "outputs": [],
   "source": [
    "\"\"\"\n",
    "read_radial_bin() and query_file() are global functions called by the halo_shape object to read halo particle files.\n",
    "\"\"\"\n",
    "\n",
    "def read_radial_bin(filename, read_pos=False, read_vel=False, read_ids=False):\n",
    "    hdrfmt = 'QIIffQfdddd'\n",
    "    idxfmt = np.dtype('i8')\n",
    "    to_read = np.array([read_pos, read_vel, read_ids])\n",
    "    fmt = [np.dtype(np.float32), np.dtype(np.float32), np.dtype(np.uint64)]\n",
    "    item_per_row = [3,3,1]\n",
    "    data = []\n",
    "\n",
    "    opened = False\n",
    "    if not hasattr(filename, 'read'):\n",
    "        opened = True\n",
    "        fp = open(filename, 'rb')\n",
    "    else:\n",
    "        fp = filename\n",
    "\n",
    "    #read the header\n",
    "    h = list(struct.unpack(hdrfmt, fp.read(struct.calcsize(hdrfmt))))\n",
    "\n",
    "    npart = h[0]\n",
    "    indexnside = h[1]\n",
    "    indexnpix  = 12*indexnside**2\n",
    "    data.append(h)\n",
    "    #read the peano index\n",
    "    idx = np.fromstring(fp.read(idxfmt.itemsize*indexnpix), idxfmt)\n",
    "    data.append(idx)\n",
    "\n",
    "    if to_read.any():\n",
    "        for i, r in enumerate(to_read):\n",
    "            d = np.fromstring(fp.read(int(npart*item_per_row[i]*fmt[i].itemsize)), fmt[i])\n",
    "            if r:\n",
    "                data.append(d)\n",
    "            if not to_read[i+1:].any():break\n",
    "\n",
    "        if opened:\n",
    "            fp.close()\n",
    "\n",
    "    return data\n",
    "\n",
    "def query_file(basepath, ra, dec, r):\n",
    "    # r: comoving distance of the object in Mpc/h\n",
    "    # sqrt(px**2 + py**2 + pz**2) in the halo catalogs\n",
    "\n",
    "    rbin = int(r//25)\n",
    "\n",
    "    path = '{}snapshot_Lightcone_{}_0'.format(basepath, rbin)\n",
    "\n",
    "    hdr, idx = read_radial_bin(path)\n",
    "    nside = hdr[2]\n",
    "\n",
    "    pix = hp.ang2pix(nside, (90-dec)*np.pi / 180., ra * np.pi / 180., nest=True)\n",
    "    return '{}snapshot_Lightcone_{}_{}'.format(basepath, rbin, pix)\n",
    "\n",
    "\n",
    "\n",
    "#halo_shape object. \n",
    "\n",
    "class halo_shape(object):\n",
    "    \n",
    "    def __init__(self, ra_cen=None, dec_cen=None, red_cen=None, x_cen=None, y_cen=None, z_cen=None, Rmax=None, verbose = False):\n",
    "        \n",
    "        assert ra_cen is not None, \"ra_cen is None\"\n",
    "        assert dec_cen is not None, \"dec_cen is None\" \n",
    "        assert red_cen is not None, \"red_cen is None\" #redshift\n",
    "        assert x_cen is not None, \"x_cen is None\" #x, y, z in Mpc/h\n",
    "        assert y_cen is not None, \"y_cen is None\"\n",
    "        assert z_cen is not None, \"z_cen is None\" \n",
    "        assert Rmax is not None, \"Rmax is None\" #Virial radius in Mpc/h\n",
    "        \n",
    "        self.ra_cen = ra_cen\n",
    "        self.dec_cen = dec_cen\n",
    "        self.red_cen = red_cen\n",
    "        self.x_cen = x_cen\n",
    "        self.y_cen = y_cen\n",
    "        self.z_cen = z_cen\n",
    "        self.Rmax = Rmax\n",
    "        \n",
    "        #Some statement if verbose is true\n",
    "        if verbose:\n",
    "            print \"Verbose\"\n",
    "            \n",
    "        #Other non-instantiated parameters of the halo_shape object\n",
    "        self.axis_ratio = np.array([1,1,1])\n",
    "        self.axis_dir = np.identity(3)\n",
    "\n",
    "        return \n",
    "     \n",
    "    \"\"\"\n",
    "    Iteratively solves the axis ratios and direction until convergence criterion for \n",
    "    envelope and shape of halo particles inside the envelope is met. \n",
    "    \n",
    "    #Right now no convergence for envelope. Test it with hand one by one. \n",
    "    \"\"\"\n",
    "    def evolve(self):\n",
    "        ptcl_coord = self.read_halo_ptcl()\n",
    "        converge, self.axis_ratio, self.axis_dir = self.quad_moment(ptcl_coord)\n",
    "        print self.axis_ratio, self.axis_dir\n",
    "        return \n",
    "        \n",
    "        #Iterate through read_halo_ptcl and quad_moment until convergence criterion for envelope met.\n",
    "        #Need to define the convergence criterion for the envelope.\n",
    "    \n",
    "    \"\"\"\n",
    "    Returns array of axis ratio a,b,c -- major, intermediate, minor axis\n",
    "    \"\"\"\n",
    "    def get_axis_ratio(self):\n",
    "        return self.axis_ratio\n",
    "    \n",
    "    \"\"\"\n",
    "    Returns axis direction lx, ly, lz -- minor, intermeidate, major axis (different order from a,b,c)\n",
    "    \"\"\"\n",
    "    def get_axis_dir(self):\n",
    "        return self.axis_dir\n",
    "    \n",
    "        \n",
    "    \"\"\"\n",
    "    Reads out the particle positions of those that belong within a given distance to the halo center.\n",
    "    Inputs halo position and reads halo particle files adjacent to the halo. Calls read_radial_bin() and \n",
    "    query_file() to read halo particles. \n",
    "    \n",
    "    Inputs:\n",
    "    ra_cen, de_cen: RA, DEC of halo center\n",
    "    red_cen: redshift \n",
    "    x_cen, y_cen, z_cen: Unrotated position of halo in Mpc/h\n",
    "    Rmax: max radius to enclose particles in Mpc/h. \n",
    "    \n",
    "    Returns:\n",
    "    (3,n) list of particle positions\n",
    "    \"\"\"\n",
    "    def read_halo_ptcl(self):\n",
    "        #basepath = '/project/projectdirs/des/jderose/BCC/Chinchilla/Herd/Chinchilla-0/Lb1050/output/pixlc'\n",
    "        r_search = 2*self.Rmax #Search within twice virial radius. Then cut out particles. \n",
    "        chi_cen = np.sqrt(self.x_cen**2 + self.y_cen**2 + self.z_cen**2)\n",
    "        ang = (r_search/chi_cen) * (180./np.pi) # angle to search particles (in degree)\n",
    "\n",
    "        x = [] # bad practice\n",
    "        y = [] # bad practice!\n",
    "        z = [] # bad practice!!\n",
    "        filename_exists = []\n",
    "\n",
    "        #Change this part to vary the radius of the envelope. \n",
    "        for ra_pm in [-ang,0,ang]: # some particle might be in another patch\n",
    "            for dec_pm in [-ang,0,ang]:\n",
    "                for chi_pm in [-r_search,0,r_search]:\n",
    "                    print 'self.ra_cen, ra_pm', self.ra_cen, ra_pm\n",
    "                    filename = query_file(basepath, ra=self.ra_cen+ra_pm, dec=self.dec_cen+dec_pm, r=chi_cen+chi_pm)\n",
    "                    if filename in filename_exists: \n",
    "                        #print('used')\n",
    "                        pass\n",
    "                    else:\n",
    "                        filename_exists.append(filename)\n",
    "                        hdr, idx, pos = read_radial_bin(filename, read_pos=True)\n",
    "                        \n",
    "                        #pos relative to center\n",
    "                        npart = len(pos)//3\n",
    "                        pos=pos.reshape(npart, 3) - [self.x_cen, self.y_cen, self.z_cen] \n",
    "                        pos_x = np.dot(pos, lx)\n",
    "                        pos_y = np.dot(pos, ly)\n",
    "                        pos_z = np.dot(pos, lz)\n",
    "\n",
    "                        #Change this part to reflect adaptive search criterion\n",
    "                        dist = np.sqrt(pos_x**2. + pos_y**2. + pos_z**2.)\n",
    "                        mask = (dist <= r_search)\n",
    "                        x.extend(pos[mask,0].tolist()) # not append! \n",
    "                        y.extend(pos[mask,1].tolist())\n",
    "                        z.extend(pos[mask,2].tolist())\n",
    "\n",
    "        return [np.array(x), np.array(y), np.array(z)]    \n",
    "    \n",
    "  \n",
    "    \"\"\"\n",
    "    Read in a radial/hpix cell\n",
    "\n",
    "    filename -- The name of the file to read, or a file object. If file\n",
    "                object, will not be closed upon function return. Instead\n",
    "                the pointer will be left at the location of the last\n",
    "                data read.\n",
    "    read_xxx -- Whether or not to read xxx\n",
    "\n",
    "    positions and velocities are flattted\n",
    "    use: reshape(npart, 3)\n",
    "    \"\"\"\n",
    "\n",
    "    \"\"\"\n",
    "    Follow convention of Ken Osato: Use reduced quadropole moment to find axis ratio of ellipsoidal cluster\n",
    "    1. Project onto principle axes spitted out by quadropole tensor\n",
    "    2. Do not remove particles. Particles chosen for those inside Rvir\n",
    "    3. Use Reduced tensor\n",
    "    4. q, s refer to ratio of minor to major, and intermediate to major axis\n",
    "\n",
    "    Returns:\n",
    "    converge -- Boolean\n",
    "    [a,b,c] -- normalized major, intermediate, minor axes lengths (only ratio matters in reduced tensor)\n",
    "    [lx, ly, lz] -- direction of minor, intermediate, major\n",
    "    \"\"\"\n",
    "    def quad_moment(self, ptcl_coord):\n",
    "        \n",
    "        #Selects particle with elliptical radius within Rmax. The axis direction and ratio are from \n",
    "        #the object itself outside the function, different from the axis direction and ratio generated\n",
    "        #from the quad_moment() function. \n",
    "        \n",
    "        #[a,b,c] -- normalized major, intermediate, minor axes lengths (only ratio matters in reduced tensor)\n",
    "        #[lx, ly, lz] -- direction of minor, intermediate, major\n",
    "        a = self.axis_ratio[0]; b = self.axis_ratio[1]; c = self.axis_ratio[2]\n",
    "        q = c/a; s = b/a\n",
    "        lx = self.axis_dir[0]; ly=self.axis_dir[1]; lz=self.axis_dir[2]\n",
    "        \n",
    "        ptcl_coord_x = ptcl_coord[0]; ptcl_coord_y = ptcl_coord[1]; ptcl_coord_z = ptcl_coord[2]\n",
    "        rx = ptcl_coord_x - self.x_cen\n",
    "        ry = ptcl_coord_y - self.y_cen\n",
    "        rz = ptcl_coord_z - self.z_cen\n",
    "        r_carte = np.array([rx, ry, rz])\n",
    "        rx_proj = np.dot(r_carte, lx) \n",
    "        ry_proj = np.dot(r_carte, ly)\n",
    "        rz_proj = np.dot(r_carte, lz)   \n",
    "        R_range = np.sqrt((rx_proj/q)**2. + (ry_proj/s)**2. + rz_proj**2.) #Elliptical radius\n",
    "\n",
    "        #Choose particles inside elliptical Rvir\n",
    "        ptcl_range = np.where(R_range < self.Rmax)\n",
    "        rx = rx[ptcl_range]; ry = ry[ptcl_range]; rz = rz[ptcl_range]\n",
    "\n",
    "        num_mem_ptcl = len(rx)\n",
    "        #print \"Number of particles inside virial radius is \", num_mem_ptcl\n",
    "\n",
    "        \n",
    "        \n",
    "        #Part below same as original (before making into class object). The axis ratio a,b,c\n",
    "        #and directions lz,ly,lx are different from the one called from the object. \n",
    "        #The ratio and direction if converged will become that of the object. \n",
    "        \n",
    "        #Building quadrupole tensor. \n",
    "        Rp = np.sqrt(rx**2. + ry**2. + rz**2.)\n",
    "        r = np.matrix([rx,ry,rz])\n",
    "        r_rdu = r/Rp\n",
    "        M_rdu = r_rdu*r_rdu.T #Initial quadrupole tensor before iteration\n",
    "\n",
    "        #Finding eigvec, eigval\n",
    "        M_eigval, M_eigvec = np.linalg.eig(M_rdu)\n",
    "        sort_eigval = np.argsort(M_eigval)[::-1]\n",
    "        a, b, c = np.sqrt(M_eigval[sort_eigval]/num_mem_ptcl) #a, b, c major, intermediate, minor\n",
    "        lx, ly, lz = M_eigvec.T[sort_eigval][::-1] #lx, ly, lz minor, intermediate, major (order reversed from a, b, c)\n",
    "        lx = np.array(lx)[0]; ly = np.array(ly)[0]; lz = np.array(lz)[0]\n",
    "\n",
    "        #Sanity check\n",
    "        \"\"\"\n",
    "        print \"r_rdu\", r_rdu\n",
    "        check_eig = M_rdu.dot(lx) - num_mem_ptcl*c**2.*lx\n",
    "        print \"M_rdu.dot(lx) \", np.dot(np.array(M_rdu), lx)\n",
    "        print \"check_eig \", check_eig\n",
    "        print \"lx is \", lx\n",
    "        print \"M_eigvec.T[sort_eigval], \", M_eigvec.T[sort_eigval]\n",
    "        print \"M_eigvec[:,0] \", M_eigvec[:,0]\n",
    "        print \"M_eigvec[sort_eigval] \", M_eigvec[sort_eigval]\n",
    "        print \"M_eigvec\", M_eigvec\n",
    "        print \"sort_eigval \", sort_eigval\n",
    "        \"\"\"\n",
    "\n",
    "        #Initial conditions\n",
    "        q_prev = 1.; s_prev = 1.\n",
    "        converge = False\n",
    "        conv_iter = 0\n",
    "\n",
    "        P_tot = np.eye(3) #the multiplicative product of all projections done over each iteration\n",
    "        while (not converge) & (conv_iter < 100):\n",
    "            #Change of basis\n",
    "            P_axis = np.matrix([lx,ly,lz])\n",
    "            P_tot = P_axis*P_tot\n",
    "            r_proj = P_axis*r\n",
    "            rx = np.array(r_proj[0,:])[0]; ry = np.array(r_proj[1,:])[0]; rz = np.array(r_proj[2,:])[0]\n",
    "\n",
    "            #New iteration\n",
    "            q_cur = c/a; s_cur = b/a #Osato conventaion\n",
    "            Rp = np.sqrt((rx/q_cur)**2. + (ry/s_cur)**2. + rz**2.)\n",
    "            r = np.matrix([rx, ry, rz])\n",
    "            r_rdu = r/Rp\n",
    "            M_rdu = r_rdu*r_rdu.T\n",
    "            M_eigval, M_eigvec = np.linalg.eig(M_rdu)\n",
    "            sort_eigval = np.argsort(M_eigval)[::-1]\n",
    "            a, b, c = np.sqrt(M_eigval[sort_eigval]/num_mem_ptcl)\n",
    "            lx, ly, lz = M_eigvec.T[sort_eigval][::-1]\n",
    "            lx = np.array(lx)[0]; ly = np.array(ly)[0]; lz = np.array(lz)[0]\n",
    "\n",
    "            #test converge\n",
    "            conv_err = 1e-6\n",
    "            conv_s = np.abs(1 - s_cur/s_prev); conv_q = np.abs(1 - q_cur/q_prev)\n",
    "            converge = (conv_s < conv_err) & (conv_q < conv_err)\n",
    "            conv_iter += 1\n",
    "            q_prev = q_cur; s_prev = s_cur\n",
    "\n",
    "        #find lx, ly, lz in original basis\n",
    "        P_inv = np.linalg.inv(P_tot)\n",
    "        l_new_basis = np.matrix([lx,ly,lz]).T\n",
    "        l_orig_basis = np.transpose(P_inv*l_new_basis)\n",
    "        lx_orig = l_orig_basis[0]; ly_orig = l_orig_basis[1]; lz_orig = l_orig_basis[2]\n",
    "\n",
    "\n",
    "        return converge, [a,b,c], [lx_orig, ly_orig, lz_orig]\n"
   ]
  },
  {
   "cell_type": "markdown",
   "metadata": {},
   "source": [
    "### Testing with individual halo.\n",
    "Write the class as a py script in code folder. "
   ]
  },
  {
   "cell_type": "code",
   "execution_count": 14,
   "metadata": {
    "collapsed": false
   },
   "outputs": [
    {
     "name": "stdout",
     "output_type": "stream",
     "text": [
      "True\n",
      "111\n"
     ]
    }
   ],
   "source": [
    "print all([x<10 for x in range(5)])\n",
    "a =1\n",
    "print \"{}{}{}\".format(a,a,a)"
   ]
  },
  {
   "cell_type": "code",
   "execution_count": 4,
   "metadata": {
    "collapsed": true
   },
   "outputs": [],
   "source": [
    "#Testing individual halo\n",
    "ra = 64.3599024; dec = 16.68787569;\n",
    "x_cen = 273.26001; y_cen = 569.31482; z_cen = 189.31299\n",
    "red_cen = 0.23191588\n",
    "chi_cen = np.sqrt(x_cen**2 + y_cen**2 + z_cen**2)\n",
    "rbin = int(chi_cen//25)\n",
    "rvir = 2.549908"
   ]
  },
  {
   "cell_type": "code",
   "execution_count": 5,
   "metadata": {
    "collapsed": false
   },
   "outputs": [
    {
     "name": "stdout",
     "output_type": "stream",
     "text": [
      "[0.5773504279935158, 0.31355738012861206, 0.23943732103822274] [[ 0.73342967  0.67975759 -0.00324522]\n",
      " [ 0.00301255 -0.00802432 -0.99996327]\n",
      " [ 0.67975866 -0.73339295  0.00793308]]\n",
      "[0.5773504284218555, 0.2509649413008327, 0.1925417922834281] [[ 0.72325911  0.66052848 -0.20149039]\n",
      " [ 0.12213416  0.16482328  0.9787321 ]\n",
      " [-0.67969074  0.73248577 -0.03853684]]\n",
      "[0.577350397707362, 0.22281404429883048, 0.1730366608072747] [[ 0.71525847  0.64210453 -0.27587515]\n",
      " [-0.16626776 -0.22706611 -0.95958117]\n",
      " [-0.67879331  0.7322177  -0.05564968]]\n",
      "[0.5773503864131818, 0.2083987107196317, 0.1638354944026362] [[ 0.70923479  0.6296328  -0.31709391]\n",
      " [-0.19091862 -0.26144136 -0.9461493 ]\n",
      " [-0.6786281   0.73158113 -0.06521469]]\n",
      "[0.5773503811933227, 0.20127994360920248, 0.15939138045800805] [[ 0.70577404  0.622543   -0.33811716]\n",
      " [-0.20381268 -0.27866586 -0.93851251]\n",
      " [-0.6784861   0.73129033 -0.06979297]]\n",
      "[0.5773503807480131, 0.19807220899166875, 0.1571168347404506] [[-0.70385227 -0.61916667  0.34817324]\n",
      " [ 0.21001256  0.28685277  0.93467118]\n",
      " [-0.6785917   0.73099119 -0.07186919]]\n",
      "[0.5773503792960927, 0.1964207900287252, 0.1558273239103969] [[-0.70254814 -0.6170135   0.3545708 ]\n",
      " [ 0.21393472  0.29207969  0.93215953]\n",
      " [-0.67871794  0.73074195 -0.07319944]]\n",
      "[0.5773503787440701, 0.19530490213456622, 0.1551528779453816] [[-0.70216408 -0.61619255  0.3567525 ]\n",
      " [ 0.21493557  0.29423593  0.93125073]\n",
      " [-0.67879917  0.73056961 -0.07416021]]\n",
      "[0.5773503780463807, 0.1948047060206687, 0.15476257211442743] [[-0.70230412 -0.61635859  0.35618957]\n",
      " [ 0.21428494  0.29410856  0.93144088]\n",
      " [-0.67885999  0.73048083 -0.07447729]]\n",
      "[0.5773503772703179, 0.19453083245973152, 0.15450119331732148] [[-0.702215   -0.61600707  0.35697253]\n",
      " [ 0.21478442  0.29473961  0.93112632]\n",
      " [-0.67879434  0.730523   -0.07466185]]\n",
      "[0.5773503768131089, 0.1943961382414503, 0.15432564403915336] [[-0.70208054 -0.61565226  0.35784802]\n",
      " [ 0.21532723  0.2954565   0.93077368]\n",
      " [-0.67876144  0.73053251 -0.07486756]]\n",
      "[0.5773503767269667, 0.19434020792996884, 0.15423110285109295] [[-0.70206999 -0.61569709  0.35779158]\n",
      " [ 0.21530787  0.29539026  0.93079918]\n",
      " [-0.6787785   0.73052152 -0.07482021]]\n",
      "[0.5773503765377749, 0.19431382704378347, 0.15419140253463506] [[-0.70208521 -0.61573545  0.35769569]\n",
      " [ 0.2152398   0.29532108  0.93083687]\n",
      " [-0.67878434  0.73051715 -0.07480979]]\n",
      "[0.5773503765737268, 0.19431789116130477, 0.15418054499054543] [[-0.70212813 -0.61571782  0.35764179]\n",
      " [ 0.21521269  0.29527593  0.93085747]\n",
      " [-0.67874854  0.73055027 -0.07481125]]\n",
      "[0.5773503765735745, 0.19429869490869234, 0.15415960860002728] [[-0.70209192 -0.61562362  0.35787498]\n",
      " [ 0.2154007   0.29542007  0.93076824]\n",
      " [-0.67872636  0.73057138 -0.07480628]]\n",
      "[0.5773503764624083, 0.19429022166516138, 0.15412520969607846] [[-0.70205794 -0.61551746  0.35812414]\n",
      " [ 0.21558691  0.29559069  0.93067095]\n",
      " [-0.67870239  0.73059181 -0.07482428]]\n",
      "[0.5773503763818195, 0.19427888905522006, 0.15410569556997492] [[-0.70200891 -0.61541276  0.35840009]\n",
      " [ 0.21578556  0.29578593  0.93056288]\n",
      " [-0.67868997  0.730601   -0.07484717]]\n",
      "[0.5773503764078527, 0.19426218008077067, 0.15409807598071498] [[-0.70193823 -0.61529712  0.35873693]\n",
      " [ 0.2160331   0.29601701  0.93043196]\n",
      " [-0.67868433  0.73060481 -0.07486111]]\n",
      "[0.5773503764078527, 0.19426218008077067, 0.15409807598071498] [[-0.70193823 -0.61529712  0.35873693]\n",
      " [ 0.2160331   0.29601701  0.93043196]\n",
      " [-0.67868433  0.73060481 -0.07486111]]\n",
      "Axis ratio is  [0.5773503764078527, 0.19426218008077067, 0.15409807598071498]\n"
     ]
    }
   ],
   "source": [
    "from code.shape_model import halo_shape\n",
    "\n",
    "myshape = halo_shape(ra, dec, red_cen, x_cen, y_cen, z_cen, rvir, verbose = False)\n",
    "myshape.evolve()\n"
   ]
  },
  {
   "cell_type": "code",
   "execution_count": 6,
   "metadata": {
    "collapsed": false
   },
   "outputs": [
    {
     "name": "stdout",
     "output_type": "stream",
     "text": [
      "True\n"
     ]
    }
   ],
   "source": [
    "print myshape.get_converge()"
   ]
  },
  {
   "cell_type": "code",
   "execution_count": null,
   "metadata": {
    "collapsed": true
   },
   "outputs": [],
   "source": []
  }
 ],
 "metadata": {
  "anaconda-cloud": {},
  "kernelspec": {
   "display_name": "Python [conda env:anaconda2]",
   "language": "python",
   "name": "conda-env-anaconda2-py"
  },
  "language_info": {
   "codemirror_mode": {
    "name": "ipython",
    "version": 2
   },
   "file_extension": ".py",
   "mimetype": "text/x-python",
   "name": "python",
   "nbconvert_exporter": "python",
   "pygments_lexer": "ipython2",
   "version": "2.7.14"
  }
 },
 "nbformat": 4,
 "nbformat_minor": 1
}
